>
3.3607	50.7097
3.3611	50.7096
3.3617	50.7097
3.3613	50.708
3.3604	50.7065
3.359	50.7052
3.3574	50.7039
3.3564	50.703
3.3551	50.702
3.3546	50.7017
3.3535	50.7009
3.3513	50.6996
3.3496	50.6985
3.348	50.6974
3.3471	50.6969
3.3466	50.6964
3.3457	50.6952
3.3454	50.6947
3.3448	50.6936
3.3448	50.6923
3.3456	50.69
3.3462	50.6886
3.3478	50.686
3.3485	50.6849
3.3494	50.683
3.3518	50.6785
3.353	50.676
3.3538	50.6747
3.3542	50.6733
3.3543	50.6722
3.3528	50.6684
3.3521	50.6669
3.3517	50.6654
3.3516	50.6647
3.3507	50.6636
3.3487	50.6615
3.3474	50.66
3.3465	50.659
3.3463	50.6587
3.3462	50.6584
3.346	50.6573
3.3464	50.6556
3.347	50.6545
3.3478	50.6538
3.3485	50.6529
3.3494	50.6516
3.3501	50.6493
3.3509	50.6469
3.3525	50.6424
3.353	50.6407
3.356	50.6374
3.3568	50.6367
3.3575	50.6362
3.3583	50.6358
3.3593	50.6352
3.3611	50.6345
3.3621	50.6342
3.3631	50.6337
3.3654	50.6331
3.3682	50.632
3.3694	50.6312
3.3706	50.6299
3.3722	50.6281
3.3733	50.627
3.3746	50.6258
3.3758	50.6253
3.3767	50.6248
3.3774	50.6242
3.3785	50.6228
3.3787	50.6227
3.3795	50.6217
3.3799	50.6203
3.3799	50.6192
3.3797	50.6184
3.3796	50.6176
3.3797	50.617
3.3811	50.6155
3.3849	50.6127
3.387	50.611
3.3881	50.6103
3.3904	50.6093
3.3909	50.6089
3.3925	50.6078
3.3935	50.6072
3.3966	50.6054
3.3972	50.6049
3.3976	50.6046
3.3982	50.6042
3.3987	50.6036
3.3994	50.6025
3.4004	50.6014
3.403	50.5999
3.4042	50.5991
3.4072	50.598
3.4088	50.5971
3.4098	50.5966
3.4112	50.596
3.4122	50.5957
3.4136	50.5949
3.4156	50.594
3.418	50.593
3.4201	50.5919
3.4226	50.5909
3.4238	50.5903
3.4251	50.5895
3.4261	50.589
3.4275	50.5885
3.4319	50.586
3.4372	50.5831
3.439	50.5818
3.4402	50.5806
3.4411	50.5793
3.4414	50.5787
3.4415	50.5778
3.4414	50.5768
3.4415	50.575
3.4419	50.5725
3.4427	50.57
3.443	50.5684
3.4437	50.568
3.4442	50.5675
3.4443	50.5664
3.4426	50.5654
3.4421	50.564
3.4405	50.5621
3.439	50.561
3.4368	50.5597
3.4352	50.5587
3.4338	50.5575
3.4332	50.5567
3.4329	50.5558
3.433	50.5552
3.4334	50.5537
3.4338	50.5528
3.4357	50.5505
3.4363	50.5493
3.4371	50.5482
3.4374	50.5471
3.438	50.546
3.4391	50.5451
3.4384	50.5446
3.438	50.5442
3.4369	50.5434
3.4356	50.5417
3.4338	50.5395
3.4314	50.5368
3.4307	50.5354
3.4304	50.5345
3.4302	50.5338
3.4302	50.533
3.4306	50.5308
3.4304	50.5282
3.4295	50.5269
3.4272	50.5248
3.4247	50.5228
3.424	50.5223
3.4234	50.5214
3.4231	50.5207
3.4226	50.5198
3.4225	50.5185
3.4226	50.5175
3.4228	50.5167
3.4232	50.5159
3.425	50.5144
3.4269	50.5129
3.4291	50.5111
3.4324	50.5076
3.432	50.5072
3.4284	50.511
3.426	50.5128
3.424	50.5142
3.4229	50.5152
3.4226	50.5157
3.422	50.5165
3.4218	50.5178
3.4219	50.5188
3.4217	50.5199
3.422	50.5207
3.4224	50.5216
3.4231	50.5227
3.4241	50.5236
3.4253	50.5243
3.4261	50.5249
3.4273	50.5259
3.4282	50.5269
3.4291	50.5278
3.4296	50.5286
3.4296	50.5307
3.4295	50.533
3.4296	50.5345
3.4299	50.5356
3.4304	50.5368
3.4309	50.5373
3.4315	50.5381
3.4328	50.5396
3.4343	50.5412
3.4357	50.543
3.4366	50.544
3.4369	50.5451
3.437	50.5461
3.4366	50.5474
3.4362	50.5483
3.4356	50.5492
3.4346	50.5503
3.4338	50.5514
3.4329	50.5525
3.4323	50.5539
3.432	50.5554
3.432	50.5563
3.4322	50.557
3.433	50.558
3.4344	50.559
3.4362	50.56
3.4386	50.5615
3.4398	50.5624
3.4415	50.5645
3.4421	50.5656
3.4434	50.5665
3.4436	50.567
3.4434	50.5676
3.4422	50.568
3.441	50.5725
3.4405	50.5748
3.4407	50.5762
3.4407	50.578
3.4404	50.5791
3.4393	50.5806
3.4378	50.581
3.4375	50.5813
3.4372	50.5817
3.4372	50.5825
3.4344	50.5842
3.4319	50.5853
3.4312	50.5857
3.4303	50.5861
3.4295	50.5867
3.4269	50.5879
3.424	50.5894
3.4219	50.5906
3.4197	50.5915
3.4172	50.5927
3.4151	50.5935
3.4133	50.5943
3.4118	50.5951
3.411	50.5954
3.4107	50.5956
3.4095	50.596
3.4083	50.5967
3.408	50.5969
3.4075	50.5972
3.4052	50.5981
3.4045	50.5983
3.4036	50.5988
3.4024	50.5993
3.402	50.5999
3.3996	50.6011
3.3988	50.6021
3.398	50.6033
3.3974	50.6039
3.397	50.6042
3.3965	50.6048
3.3958	50.6051
3.3945	50.6058
3.3928	50.6068
3.3914	50.608
3.3906	50.6084
3.3898	50.6089
3.3892	50.6091
3.3873	50.6099
3.3864	50.6106
3.3804	50.6151
3.38	50.6153
3.3793	50.6159
3.379	50.6164
3.3787	50.618
3.3789	50.6189
3.379	50.6208
3.3787	50.6215
3.3784	50.6221
3.3778	50.6227
3.377	50.6237
3.3762	50.6242
3.3757	50.6246
3.3748	50.6252
3.374	50.6256
3.3733	50.6259
3.3721	50.6269
3.3709	50.6283
3.3699	50.6297
3.3691	50.6309
3.3674	50.6319
3.3649	50.6327
3.3639	50.6329
3.3622	50.6334
3.3613	50.6336
3.3605	50.6339
3.3584	50.6348
3.3578	50.6352
3.3565	50.6358
3.356	50.6364
3.355	50.6372
3.3535	50.6389
3.3525	50.6399
3.3517	50.641
3.3515	50.6419
3.3515	50.6427
3.3509	50.6443
3.3504	50.6452
3.3501	50.6464
3.3494	50.6489
3.3484	50.6518
3.3465	50.654
3.346	50.6548
3.3457	50.6557
3.3452	50.6576
3.3453	50.6585
3.3461	50.6598
3.3469	50.6609
3.3481	50.6622
3.3498	50.664
3.3506	50.6653
3.351	50.6667
3.3516	50.6682
3.352	50.669
3.3519	50.6693
3.3523	50.6702
3.3528	50.6709
3.3531	50.6712
3.3533	50.672
3.3534	50.6732
3.3531	50.6738
3.3528	50.6749
3.352	50.6762
3.3507	50.6786
3.3489	50.6825
3.3476	50.6849
3.3466	50.6867
3.3449	50.6894
3.3441	50.6908
3.3435	50.6925
3.3438	50.6937
3.3442	50.6948
3.3447	50.6956
3.3455	50.6966
3.3468	50.6976
3.3472	50.6978
3.3492	50.699
3.3526	50.7009
3.3542	50.7021
3.3556	50.7033
3.3573	50.7045
3.3584	50.7056
3.3595	50.7068
3.3602	50.7078
3.3607	50.7088
3.3607	50.7097
>
4.26479999976	51.3502
4.26739999999	51.3497000001
4.26860000022	51.3497000001
4.26960000014	51.3496000002
4.27190000018	51.3485999997
4.27319999977	51.3484
4.27470000019	51.3479999999
4.27900000008	51.347
4.27879999978	51.3460999999
4.27840000023	51.346
4.27850000012	51.3456
4.27900000008	51.3451999999
4.27919999986	51.3437
4.27250000003	51.3436000001
4.27309999989	51.3427000001
4.27430000011	51.3418
4.27649999974	51.3396999998
4.27739999978	51.3388000003
4.27800000016	51.3382999998
4.27840000023	51.3379000002
4.28000000001	51.3353999999
4.28049999997	51.3339999999
4.28049999997	51.3333000001
4.28069999975	51.3319000001
4.28109999983	51.3316999998
4.2814999999	51.3307999998
4.28199999986	51.3292
4.28220000016	51.3283999999
4.28220000016	51.3273999999
4.28239999994	51.3262000002
4.2828999999	51.325
4.28270000013	51.3228999997
4.28270000013	51.3216000002
4.28230000005	51.3208999999
4.28249999983	51.3204999998
4.28249999983	51.3175999999
4.28260000024	51.3167999998
4.28299999979	51.3166
4.28280000001	51.3160000001
4.28249999983	51.3147
4.28249999983	51.3134999998
4.28260000024	51.3120999998
4.28469999998	51.3076000001
4.28560000002	51.3058
4.2860000001	51.3048000001
4.28709999991	51.304
4.2888000001	51.3035
4.29260000003	51.3022999998
4.29620000019	51.3012
4.29889999978	51.3002
4.30059999997	51.3001000002
4.30219999975	51.2994999998
4.3043999999	51.2988
4.30639999976	51.2979999999
4.31080000006	51.2964000001
4.31239999984	51.296
4.31270000003	51.2954000002
4.31300000022	51.2951999999
4.31360000007	51.2950000001
4.31410000003	51.2946
4.31540000014	51.2942999998
4.31590000011	51.2942
4.31630000018	51.2942999998
4.31680000015	51.2944000003
4.31720000022	51.2942
4.31749999989	51.2937999999
4.31770000019	51.2933999998
4.31839999993	51.2931000001
4.31979999993	51.2921000002
4.32100000015	51.2913000001
4.32319999978	51.2890999999
4.32520000016	51.2862999999
4.3261000002	51.2849999998
4.32670000005	51.2843999999
4.32739999979	51.2842000002
4.33049999998	51.2812999997
4.33059999987	51.2809000002
4.33030000021	51.2806
4.33170000021	51.2788999998
4.33289999991	51.2783
4.33379999995	51.2777000001
4.33479999988	51.2769999999
4.33669999984	51.2763000001
4.33609999999	51.2759
4.33410000014	51.2765999998
4.33289999991	51.2773999999
4.3289000002	51.2798999997
4.32710000013	51.2809000002
4.32620000009	51.2815
4.3258999999	51.2812999997
4.32660000016	51.2806999999
4.32679999994	51.2804000002
4.32739999979	51.2797999999
4.33049999998	51.2773
4.33209999976	51.2763000001
4.33310000021	51.2757000003
4.33389999984	51.275
4.33329999999	51.2745999999
4.33230000006	51.2753000002
4.32769999998	51.2778999999
4.3258999999	51.2784999997
4.32489999997	51.2790000002
4.32409999982	51.2790000002
4.32290000012	51.2779999998
4.32240000016	51.2770999997
4.32129999982	51.2758000001
4.31939999985	51.2745999999
4.31780000007	51.2730000001
4.31649999996	51.2713999998
4.31360000007	51.2693000001
4.31160000021	51.2679000001
4.30990000002	51.2661
4.30899999998	51.2651000001
4.3089000001	51.2643999998
4.3089000001	51.2637000001
4.30759999998	51.2614000001
4.30650000017	51.2596999999
4.30619999998	51.2592999998
4.30629999987	51.2589000002
4.30690000024	51.2583999997
4.30790000017	51.2580000002
4.30859999991	51.2578999998
4.30909999987	51.2580000002
4.30980000013	51.2583999997
4.30990000002	51.2589000002
4.30930000017	51.26
4.30899999998	51.2604000001
4.30919999976	51.2605999999
4.30940000006	51.2606999998
4.30970000025	51.2605999999
4.31070000017	51.2589000002
4.31070000017	51.2586
4.31049999987	51.2582999999
4.30990000002	51.2578999998
4.30980000013	51.2577
4.31020000021	51.2577
4.31080000006	51.2576000001
4.31139999991	51.2576000001
4.31260000014	51.2572999999
4.31339999977	51.2572
4.31459999999	51.2572
4.31559999992	51.2569999997
4.31649999996	51.2567000001
4.31770000019	51.2559999998
4.31849999981	51.2557000002
4.31939999985	51.2555999997
4.32000000023	51.2554999999
4.32100000015	51.2554
4.32229999974	51.2549999999
4.32380000016	51.2547000002
4.32520000016	51.2544999999
4.32639999986	51.2544999999
4.32679999994	51.2545999998
4.32779999987	51.2541999997
4.3289000002	51.2535999999
4.32990000013	51.2533000002
4.33049999998	51.2530999999
4.3315999998	51.2531999998
4.33230000006	51.2525000001
4.33280000002	51.2521999999
4.33379999995	51.2517999998
4.33500000018	51.2515000001
4.33569999992	51.2512
4.33700000003	51.2505000002
4.33840000003	51.2498
4.33980000004	51.2492000001
4.34120000004	51.2484
4.34250000015	51.2477000002
4.34810000016	51.2449000002
4.34960000005	51.2441000001
4.35209999987	51.2432999999
4.35570000003	51.2423
4.35850000003	51.2416000002
4.36070000018	51.2412000002
4.36360000008	51.2409999999
4.36680000016	51.2409
4.36970000005	51.2409
4.37369999976	51.2407000002
4.37710000014	51.2408000001
4.38049999999	51.2408000001
4.38410000015	51.2404
4.38730000023	51.2402000002
4.38870000023	51.2399999999
4.3906000002	51.2395999999
4.39260000005	51.2394000001
4.39400000005	51.2391999998
4.39549999994	51.2391999998
4.39639999998	51.239
4.39720000013	51.2389000001
4.39810000017	51.239
4.39919999999	51.2386999998
4.4002999998	51.2381
4.40069999988	51.2376999999
4.40079999976	51.2370000002
4.40119999984	51.2367
4.40140000014	51.2362999999
4.40150000003	51.2358999998
4.40119999984	51.2356000002
4.4016999998	51.2353
4.40219999977	51.2353
4.40399999984	51.2353999999
4.40660000007	51.2354999997
4.40660000007	51.2348
4.40199999999	51.2348999999
4.4016999998	51.2348
4.4016999998	51.2338000001
4.40199999999	51.2320999999
4.40130000025	51.2292999999
4.4076	51.2293999998
4.40750000011	51.2286000001
4.40660000007	51.2286000001
4.40660000007	51.2292
4.40460000022	51.2291000001
4.40460000022	51.2283
4.4033000001	51.2282000001
4.4033000001	51.2288999998
4.40109999995	51.2290000002
4.4005000001	51.2282000001
4.3991000001	51.2269
4.39739999991	51.2240000001
4.39730000002	51.2231
4.39659999976	51.2221000001
4.39590000002	51.2216000001
4.39549999994	51.2215000002
4.39440000013	51.2195999998
4.3948000002	51.2194
4.39219999997	51.2160000001
4.39089999986	51.2147
4.38709999993	51.2113000002
4.38360000018	51.2089000002
4.38000000003	51.2070000003
4.37539999995	51.2049999999
4.37380000017	51.2044999999
4.37200000009	51.2038000002
4.37000000024	51.2033000002
4.36609999989	51.2021999999
4.36250000026	51.2011000001
4.35949999996	51.2006000001
4.3558999998	51.1997999999
4.35560000014	51.2000000002
4.35230000017	51.1992000001
4.35219999976	51.1988999999
4.34680000005	51.1975999998
4.34459999989	51.1969000001
4.3431	51.196
4.34070000007	51.1946
4.33799999996	51.1927
4.33640000018	51.1910999997
4.33529999984	51.1895999999
4.33370000006	51.1875000001
4.33260000025	51.1849999998
4.33099999995	51.1809000002
4.33049999998	51.1792
4.3301999998	51.1769999998
4.33049999998	51.1754000001
4.33069999976	51.1748000002
4.33080000017	51.1746999998
4.33080000017	51.1736
4.33090000006	51.1726000001
4.33080000017	51.1721000001
4.33090000006	51.1718999998
4.33069999976	51.1718999998
4.33040000009	51.1717999999
4.33059999987	51.1716000001
4.33090000006	51.1716000001
4.33120000025	51.1713999998
4.33130000013	51.1711000002
4.33130000013	51.1708999999
4.33099999995	51.1708
4.33059999987	51.1708
4.33040000009	51.1706000002
4.33059999987	51.1703999999
4.33069999976	51.1698999999
4.33069999976	51.1689
4.33080000017	51.1688000001
4.33080000017	51.1680999999
4.33040000009	51.168
4.33040000009	51.1678000002
4.33049999998	51.1675999999
4.33069999976	51.1675
4.33069999976	51.1667999997
4.33149999991	51.1624
4.33239999995	51.1600999999
4.33270000014	51.1585000001
4.33270000014	51.1568999998
4.33239999995	51.1548000001
4.33270000014	51.1544
4.3329999998	51.1540999998
4.3329999998	51.1539000001
4.33230000006	51.1533000002
4.33189999999	51.1520000001
4.3318000001	51.1508999998
4.33109999983	51.1484999998
4.33069999976	51.1458000002
4.33090000006	51.1438999997
4.33030000021	51.1418
4.32840000024	51.1367999998
4.32810000005	51.1347000001
4.32769999998	51.1335999998
4.32700000024	51.1330999998
4.3258999999	51.1315999999
4.32539999994	51.1307999998
4.32509999975	51.1305000001
4.32509999975	51.1301999999
4.32530000005	51.1299000002
4.3258999999	51.1295000002
4.32539999994	51.1292999999
4.3247000002	51.1296000001
4.32369999975	51.1291000001
4.31889999989	51.1268999999
4.31889999989	51.1265999997
4.31920000008	51.1260999998
4.31960000015	51.1258000001
4.31920000008	51.1257000002
4.31860000022	51.1259
4.31830000004	51.1262000002
4.31780000007	51.1264
4.31720000022	51.1262000002
4.31360000007	51.1251999997
4.31120000014	51.1241999998
4.30769999987	51.1232999998
4.30679999983	51.1232999998
4.30359999975	51.1229000002
4.30270000024	51.1226999999
4.30150000001	51.1223999997
4.29900000019	51.1225000002
4.29770000008	51.1225000002
4.2959	51.1223999997
4.29350000007	51.1223999997
4.29129999992	51.1222
4.28970000014	51.1223999997
4.28799999995	51.1225000002
4.28439999979	51.1222
4.28349999975	51.1218999998
4.28059999986	51.1218999998
4.27779999986	51.1216000001
4.27570000012	51.1212
4.27409999981	51.1208
4.27119999992	51.1194999998
4.26860000022	51.1183000001
4.2656999998	51.1168000003
4.26229999994	51.1156999999
4.26110000024	51.1152
4.25980000013	51.1150000002
4.25809999994	51.1147999999
4.25389999993	51.1143999998
4.25080000026	51.1138999998
4.24810000014	51.1136000002
4.24639999995	51.1134999998
4.24449999999	51.1134999998
4.24250000013	51.1137000001
4.24070000006	51.1142
4.23780000016	51.1145000002
4.23680000024	51.1150000002
4.23479999986	51.1161
4.23329999997	51.1166
4.23180000008	51.1173000002
4.23040000008	51.1176999998
4.2286	51.1184
4.22800000015	51.1184999999
4.22689999981	51.1185999998
4.22599999977	51.1188000001
4.22539999992	51.1189999999
4.22470000018	51.1194
4.2240999998	51.1197000001
4.22330000018	51.1199999998
4.22090000025	51.1203999999
4.21979999991	51.1206000002
4.21739999998	51.1203999999
4.21680000013	51.1201000002
4.21410000001	51.1206000002
4.21270000001	51.1206000002
4.21160000019	51.1204999998
4.21070000016	51.1203
4.20999999989	51.1199999998
4.20909999985	51.1194
4.20790000015	51.1184999999
4.20619999996	51.1168000003
4.20500000026	51.1155000001
4.20330000007	51.1140000003
4.20220000025	51.1134999998
4.2014000001	51.1129999998
4.20090000014	51.1124999998
4.20009999999	51.1114999999
4.19990000021	51.1109999999
4.1983999998	51.1095999999
4.1972000001	51.1089000002
4.19589999998	51.1084000002
4.19469999975	51.1077999999
4.19340000016	51.1067000001
4.19250000013	51.1057000001
4.19060000016	51.1049
4.18820000023	51.1040999998
4.18540000023	51.1033000002
4.18059999984	51.1026999998
4.17890000018	51.1019000002
4.1768999998	51.1006000001
4.17599999976	51.0997999999
4.17459999976	51.0979999999
4.17439999998	51.0974
4.17399999991	51.096
4.17370000024	51.0941
4.17370000024	51.0922000001
4.17409999979	51.0905999998
4.17439999998	51.0897000002
4.17579999998	51.0886999998
4.17790000025	51.0879000002
4.17959999992	51.0875000001
4.18099999992	51.0872999998
4.18270000011	51.0871
4.18310000018	51.0871999999
4.18439999977	51.0869000002
4.18469999996	51.0865000002
4.18600000008	51.0858999998
4.18719999978	51.0852999999
4.18830000012	51.0844999998
4.18949999982	51.0830999998
4.19020000008	51.0819000001
4.19049999975	51.0813000002
4.19060000016	51.0802999998
4.19100000023	51.0799000002
4.1915000002	51.0799000002
4.19210000005	51.0800000001
4.19319999986	51.0800000001
4.19380000024	51.0797999998
4.1943000002	51.0796
4.19469999975	51.0796
4.19520000024	51.0799000002
4.19559999979	51.0796999999
4.19490000005	51.0791000001
4.1943000002	51.0791000001
4.19369999983	51.0793999997
4.19309999998	51.0796
4.19210000005	51.0796
4.1915000002	51.0793999997
4.19139999979	51.0785000002
4.19110000012	51.0771000002
4.19079999994	51.0746999998
4.19079999994	51.0738000003
4.18949999982	51.0699999998
4.18909999975	51.0692000002
4.18880000008	51.0675999999
4.18830000012	51.0642
4.18820000023	51.0632000001
4.18790000004	51.0623000001
4.18769999974	51.0613000001
4.18820000023	51.06
4.18849999989	51.0596999998
4.18899999986	51.0594000002
4.18960000023	51.0595
4.19079999994	51.0600999999
4.1929000002	51.0604000001
4.19400000002	51.0605
4.19469999975	51.0605
4.19549999991	51.0603000002
4.19680000002	51.0599000001
4.19789999983	51.0592999997
4.19869999999	51.0586
4.2000000001	51.0576000001
4.20029999976	51.0576000001
4.20130000021	51.0586
4.20159999988	51.0587999998
4.20169999977	51.0586999999
4.20169999977	51.0578999997
4.20109999992	51.0575000002
4.20059999995	51.0571000001
4.20040000018	51.0567999999
4.20090000014	51.0562000001
4.20059999995	51.0550999997
4.2000000001	51.0540999998
4.19960000002	51.0535999999
4.19910000006	51.0530999999
4.1983999998	51.0526999998
4.19789999983	51.0526999998
4.19689999991	51.0521999998
4.19490000005	51.0505000002
4.19200000016	51.0489999998
4.18970000012	51.0477000002
4.18859999978	51.0469
4.18820000023	51.0463000002
4.18859999978	51.0453000002
4.18899999986	51.0441
4.18980000001	51.0430000002
4.19079999994	51.0413
4.19110000012	51.0405999998
4.1912999999	51.0397000002
4.19169999997	51.0389000001
4.19189999975	51.0383000002
4.19160000009	51.0379000002
4.19120000001	51.0363999997
4.19100000023	51.0358999998
4.19070000005	51.0353999998
4.19020000008	51.0348999999
4.19020000008	51.0342000001
4.19029999997	51.0334999999
4.18970000012	51.0328000001
4.18840000001	51.0320999999
4.18680000023	51.0315
4.18540000023	51.0311999998
4.18429999989	51.0311999998
4.18310000018	51.0315999999
4.18239999992	51.0316999998
4.18159999977	51.0316999998
4.18059999984	51.0315999999
4.17959999992	51.0314000001
4.1782999998	51.0313000002
4.17739999976	51.0314000001
4.17670000002	51.0315999999
4.17599999976	51.032
4.17409999979	51.0329
4.17150000009	51.0342000001
4.1700000002	51.0349999997
4.16920000005	51.0357
4.1683999999	51.0362999999
4.16799999982	51.0362999999
4.16749999986	51.0365000002
4.16709999978	51.0374000002
4.16609999986	51.0385
4.16540000012	51.0386999998
4.16459999997	51.0389000001
4.16400000011	51.0388000002
4.16310000008	51.0385999999
4.16289999978	51.0385999999
4.16360000004	51.0390999999
4.16400000011	51.0391999998
4.1641	51.0397000002
4.16379999982	51.0400999998
4.16300000019	51.0413999999
4.16179999996	51.0430000002
4.16070000015	51.0450000001
4.15980000011	51.0459000001
4.15899999996	51.0468000001
4.15840000011	51.0474
4.15769999984	51.0488
4.15719999988	51.0492000001
4.15650000014	51.0496000001
4.1553999998	51.0497
4.15429999999	51.0497
4.15190000006	51.0493999998
4.15109999991	51.0493999998
4.15059999994	51.0495000003
4.15019999987	51.0497999999
4.15029999976	51.0501000001
4.14979999979	51.0507
4.14960000002	51.0510000001
4.1496999999	51.0512999998
4.1499000002	51.0516
4.15100000002	51.0525
4.15149999998	51.0526999998
4.15240000002	51.0529000001
4.15429999999	51.0531999998
4.1553999998	51.0534000001
4.15600000018	51.0539
4.15619999995	51.0544999999
4.15600000018	51.0550999997
4.15579999988	51.0554999998
4.15550000021	51.0558999999
4.15449999976	51.0566000002
4.15389999991	51.0568999998
4.15330000006	51.0570000002
4.15209999983	51.0568999998
4.15100000002	51.0568999998
4.14960000002	51.0567
4.14800000024	51.0561000002
4.14680000001	51.0558999999
4.14589999997	51.0557000001
4.14530000012	51.0554999998
4.14469999975	51.0554999998
4.14419999978	51.0556000002
4.14340000015	51.0558
4.14169999996	51.0563
4.13899999985	51.0570000002
4.13799999992	51.0572
4.13659999992	51.0577999999
4.13540000022	51.0580000002
4.13490000025	51.0580000002
4.13450000018	51.0578999997
4.1338999998	51.0575000002
4.13339999984	51.0563999999
4.13329999995	51.0550999997
4.13339999984	51.0539999999
4.13289999988	51.0525999999
4.13210000025	51.0514000002
4.13080000013	51.0501000001
4.12930000024	51.0488
4.12800000013	51.0475999998
4.12779999983	51.0465999998
4.12810000002	51.0455999999
4.12850000009	51.0447999998
4.12879999976	51.0440000001
4.12859999998	51.0436000001
4.1281999999	51.0430000002
4.12719999998	51.0425000002
4.12599999975	51.0416000002
4.12510000024	51.0408000001
4.1239999999	51.0399999999
4.12250000001	51.0394999999
4.12000000019	51.0388000002
4.11670000022	51.0381999998
4.11640000003	51.0379000002
4.11620000026	51.0376
4.11580000018	51.0377999997
4.11490000014	51.0376
4.11189999984	51.0370000001
4.11110000021	51.0370000001
4.11030000006	51.0367999998
4.1095999998	51.0365000002
4.10920000025	51.0361000001
4.10869999976	51.0355000002
4.10800000002	51.0351000002
4.10719999987	51.0348
4.10600000017	51.0338999999
4.1052999999	51.0337000002
4.10479999994	51.0335999997
4.10449999975	51.0335999997
4.1041000002	51.0334999999
4.10240000001	51.0334999999
4.10149999997	51.0337000002
4.10029999975	51.0341000002
4.09889999974	51.0348999999
4.09710000019	51.0366999999
4.09620000015	51.0377999997
4.09589999996	51.0383000002
4.09549999989	51.0389000001
4.09480000015	51.0405999998
4.09419999977	51.0413
4.09359999992	51.0421000002
4.09240000022	51.0427999999
4.09070000003	51.0436999999
4.08939999991	51.0441999999
4.08880000006	51.0442999998
4.08859999976	51.0446
4.08839999999	51.0450000001
4.08870000018	51.0459000001
4.08889999995	51.0464000001
4.08870000018	51.0469
4.08780000014	51.0481000003
4.08709999987	51.0483
4.08600000006	51.0484999998
4.08460000006	51.0486000002
4.08320000005	51.0486000002
4.08070000024	51.0491000002
4.0795999999	51.0493999998
4.07790000023	51.0493999998
4.07679999989	51.0496000001
4.07489999993	51.0497
4.07409999978	51.0497999999
4.07290000007	51.0498999998
4.07219999981	51.0497999999
4.07150000007	51.0496000001
4.07060000003	51.0491000002
4.06969999999	51.0484999998
4.06929999992	51.0483
4.0682000001	51.0483999999
4.06730000006	51.0486000002
4.0640000001	51.0496000001
4.06260000009	51.0496000001
4.06179999994	51.0493999998
4.0597000002	51.0488
4.05790000012	51.0483999999
4.05600000016	51.0479999998
4.05489999982	51.0474999999
4.05399999978	51.0469
4.05339999993	51.0461999998
4.05080000022	51.0446999999
4.04900000015	51.0432999999
4.04760000014	51.0419999998
4.04639999992	51.0404999999
4.0453000001	51.0383000002
4.04449999995	51.0372999998
4.04210000002	51.0360000002
4.04100000021	51.0352999999
4.04070000002	51.0349999997
4.04029999994	51.0343999999
4.04029999994	51.0338999999
4.04100000021	51.0311999998
4.04100000021	51.0297999998
4.04070000002	51.0288999998
4.04060000013	51.0281000001
4.04079999991	51.0271000002
4.04129999987	51.0257000002
4.04190000025	51.0235000001
4.04190000025	51.0217999999
4.04150000017	51.0206000002
4.04079999991	51.0193000001
4.03889999994	51.0179999999
4.03690000009	51.017
4.03450000016	51.0161999999
4.03299999975	51.0154000002
4.03220000012	51.0147999999
4.03040000004	51.0137
4.02850000007	51.0128
4.02639999981	51.0122000002
4.02389999999	51.0109
4.02019999995	51.0085000001
4.01870000006	51.0073999998
4.0164999999	51.0063999998
4.01459999994	51.0058
4.0125000002	51.0053
4.01009999974	51.0049
4.00690000019	51.0045999998
4.00429999996	51.0044999999
4.00249999988	51.0044
4.00030000025	51.0039999999
3.9978999998	51.0035999998
3.9964999998	51.0033000002
3.99319999983	51.0033000002
3.9907999999	51.0034000001
3.98859999975	51.0034000001
3.98680000019	51.0031999998
3.98500000011	51.0033000002
3.98310000015	51.0037000003
3.98130000007	51.0040999998
3.97819999988	51.0058999999
3.97679999988	51.0066000001
3.97460000025	51.0076000001
3.97309999983	51.0084000002
3.97200000002	51.0092999997
3.97150000005	51.0101999998
3.97159999994	51.0114999999
3.97219999979	51.0128
3.97290000006	51.0146000001
3.97309999983	51.0154000002
3.97309999983	51.0162999998
3.9723000002	51.0175999999
3.97159999994	51.0183000001
3.97040000024	51.0189
3.96849999975	51.0196000002
3.96689999997	51.0203999999
3.96569999974	51.0207999999
3.96450000004	51.0210000002
3.9636	51.0208999998
3.96269999996	51.0204999998
3.96200000022	51.0198
3.96170000004	51.0184999999
3.96170000004	51.0173000002
3.96160000015	51.0156
3.96089999989	51.0140000002
3.96039999992	51.0132000001
3.95880000014	51.0119
3.95799999999	51.0110999998
3.95750000003	51.0106999997
3.95690000018	51.01
3.95590000025	51.0085000001
3.95500000021	51.0080000001
3.9537000001	51.0075000002
3.95190000002	51.0071000001
3.95099999998	51.0067999999
3.95040000013	51.0065000003
3.95000000005	51.0061000002
3.94959999998	51.0056000002
3.94850000016	51.0049999998
3.94739999983	51.0047000002
3.9463999999	51.0047000002
3.94549999986	51.0049999998
3.94250000008	51.0063
3.93989999985	51.0076000001
3.93799999988	51.0086999999
3.93630000022	51.0095999999
3.93369999999	51.0114999999
3.93310000014	51.0119
3.93260000017	51.0122000002
3.93109999976	51.0129999998
3.92949999998	51.0137
3.92890000013	51.0141000001
3.92719999994	51.0151
3.92529999998	51.0161
3.9237000002	51.0165999999
3.92119999986	51.0168000002
3.91929999989	51.0168000002
3.91689999996	51.0165999999
3.91409999996	51.0161999999
3.91110000018	51.0154000002
3.9090999998	51.0147
3.90640000021	51.0140000002
3.90399999975	51.0133999999
3.90180000012	51.0131000002
3.90099999997	51.0131000002
3.89940000019	51.0128
3.89810000008	51.0123
3.89660000019	51.0113000001
3.8949	51.0105
3.89390000007	51.0103000002
3.89300000003	51.0101999998
3.89150000014	51.0100999999
3.8889999998	51.0098000002
3.88770000021	51.0096999998
3.88680000017	51.0095
3.88529999976	51.0089000002
3.88379999987	51.0084000002
3.88220000009	51.0081999999
3.87999999994	51.0081999999
3.87829999975	51.0077
3.87629999989	51.0065000003
3.87430000004	51.0061000002
3.87280000015	51.0056000002
3.87150000003	51.0049999998
3.86889999981	51.0034000001
3.86820000007	51.0029000001
3.86730000003	51.0028000002
3.86459999991	51.0023000003
3.86139999983	51.0017999998
3.8592000002	51.0016
3.85859999983	51.0015000001
3.85709999994	51.0012999998
3.85600000012	51.0010000001
3.85450000023	51.0000000002
3.85320000012	50.9991000002
3.85220000019	50.9983
3.85040000011	50.9973000001
3.84879999981	50.9965999998
3.84789999977	50.9958000002
3.84689999984	50.9953000002
3.84580000003	50.9949000002
3.84369999976	50.9941999999
3.84119999995	50.9935000002
3.83939999987	50.9931000001
3.83820000017	50.9927999999
3.83559999994	50.9926000001
3.83260000016	50.9927
3.83059999978	50.9930000002
3.82830000026	50.9935000002
3.82679999985	50.9941
3.82639999977	50.9944000002
3.82460000022	50.9953000002
3.82320000022	50.9959000001
3.82119999984	50.9969
3.81810000017	50.9988
3.81670000017	50.9992000001
3.81530000016	50.9995000002
3.8131999999	51.0002
3.8117999999	51.0006999999
3.81049999978	51.0010000001
3.8089	51.0015000001
3.80719999981	51.0021
3.80569999992	51.0033000002
3.80489999977	51.0038000001
3.80450000022	51.0047000002
3.80059999988	51.0067
3.79840000025	51.0077
3.79629999998	51.0091999999
3.79520000017	51.0100999999
3.79399999994	51.0114999999
3.7930999999	51.0131000002
3.79269999983	51.0140000002
3.79250000005	51.0145000002
3.79209999998	51.0151999999
3.7916999999	51.0165000001
3.79079999986	51.0176999998
3.78949999975	51.0189
3.78830000004	51.0201000002
3.78759999978	51.0211000001
3.78770000019	51.0217999999
3.78799999986	51.0225000001
3.78849999982	51.0241999998
3.78830000004	51.0250999998
3.78780000008	51.0259999999
3.78730000012	51.0267000001
3.78709999982	51.0276000002
3.78759999978	51.0287999999
3.78799999986	51.0299000002
3.78849999982	51.0315999999
3.78849999982	51.0327000002
3.78860000023	51.0334
3.78880000001	51.0343
3.78939999986	51.0352
3.78989999982	51.0357999999
3.79129999983	51.0371
3.79219999986	51.038
3.79259999994	51.0388000002
3.79280000024	51.0398000001
3.79280000024	51.0404
3.79259999994	51.0412000001
3.79259999994	51.0418999999
3.79240000016	51.0426000001
3.79160000001	51.0437999998
3.79129999983	51.0442999998
3.79000000023	51.0455
3.78860000023	51.0464000001
3.78709999982	51.0470999998
3.78630000019	51.0473000001
3.78519999985	51.0477000002
3.78300000022	51.0483
3.77899999999	51.0492000001
3.77650000017	51.0495000003
3.77230000017	51.0497999999
3.77059999998	51.0497999999
3.76870000001	51.0497
3.76820000005	51.0497
3.76689999993	51.0496000001
3.76480000019	51.0491000002
3.76219999996	51.0483
3.76049999977	51.0478000001
3.75999999981	51.0477000002
3.75909999977	51.0474
3.75709999992	51.0468000001
3.75560000003	51.0463000002
3.7546000001	51.0461999998
3.75379999995	51.0460999999
3.75260000025	51.0461999998
3.75209999976	51.0463000002
3.75109999983	51.0467000003
3.75009999991	51.0469
3.74919999987	51.0469999999
3.74860000002	51.0472000002
3.74760000009	51.0469
3.74649999975	51.0464000001
3.74570000012	51.0458000002
3.74440000001	51.0449000002
3.74290000012	51.0436999999
3.74229999974	51.0431000001
3.74150000012	51.0422000001
3.74119999993	51.0418999999
3.74050000019	51.0404999999
3.74060000008	51.0397000002
3.7402	51.0391999998
3.73970000004	51.0389000001
3.73929999996	51.0386999998
3.73910000019	51.0384000001
3.73849999981	51.0374000002
3.73759999977	51.0374000002
3.73690000003	51.0376
3.73569999981	51.0377999997
3.73519999984	51.0376999999
3.73479999977	51.0376
3.73379999984	51.0369000002
3.73339999977	51.0365000002
3.73300000021	51.0357
3.73279999991	51.0349999997
3.73300000021	51.0344999998
3.73329999988	51.0342000001
3.73369999995	51.0338999999
3.73369999995	51.0329999999
3.73360000007	51.0325999998
3.73410000003	51.0314000001
3.73469999988	51.0310999999
3.73519999984	51.031
3.73599999999	51.0309000001
3.73789999996	51.0310999999
3.73849999981	51.0311999998
3.73970000004	51.0311999998
3.74029999989	51.0310999999
3.74119999993	51.0306999998
3.74200000008	51.0304000002
3.74319999978	51.0294000003
3.74399999993	51.0286000001
3.74430000012	51.0281000001
3.74480000008	51.0273999999
3.74520000016	51.0266000003
3.74539999994	51.0258000001
3.74560000023	51.0246999998
3.74570000012	51.0238000002
3.74560000023	51.0230000001
3.74499999986	51.0218999998
3.7447000002	51.0213999998
3.74440000001	51.0204999998
3.74409999982	51.0199999998
3.74399999993	51.0194999998
3.74380000016	51.0189
3.74369999975	51.0184999999
3.74319999978	51.0175
3.74250000004	51.0165999999
3.74229999974	51.0162999998
3.74229999974	51.0142999999
3.74190000019	51.0138999998
3.7402	51.0128999999
3.73839999992	51.0114999999
3.73770000018	51.0109
3.73670000026	51.0108000002
3.73580000022	51.0105999999
3.73509999996	51.0104000001
3.7345000001	51.0090000001
3.73360000007	51.0077999998
3.73270000003	51.0068999998
3.73120000014	51.0059999998
3.73020000021	51.0053
3.72850000002	51.0044999999
3.72679999983	51.0030999999
3.72550000024	51.0023000003
3.72410000024	51.0011999999
3.72349999986	51.0003999998
3.72309999979	51.0000000002
3.72290000001	50.9989999998
3.72280000012	50.9977000002
3.72259999982	50.9969999999
3.72290000001	50.9964000001
3.7232000002	50.9953000002
3.72339999997	50.9942999998
3.72339999997	50.9940000001
3.72349999986	50.9937999998
3.72359999975	50.9932999999
3.72359999975	50.9922999999
3.72249999993	50.9905999997
3.72090000016	50.9889000001
3.71599999989	50.9834
3.71499999996	50.9824
3.71369999984	50.9813000002
3.71200000018	50.9799000002
3.70909999976	50.9776000002
3.70759999987	50.9767000001
3.70529999983	50.9754
3.70460000009	50.9749000001
3.70339999986	50.9740999999
3.70220000016	50.9729000002
3.70120000024	50.9717999999
3.70069999975	50.9707999999
3.69980000023	50.9697000001
3.69860000001	50.9685999998
3.6972	50.9678000002
3.69539999993	50.9669000001
3.69390000004	50.9661999999
3.69169999988	50.9654000002
3.69019999999	50.9646000001
3.68929999995	50.9640000002
3.68899999977	50.9635000003
3.6884999998	50.9628999999
3.6873000001	50.9607000003
3.68609999987	50.9587999998
3.68599999999	50.9582999998
3.68519999983	50.9575000002
3.68339999976	50.9562000001
3.68250000024	50.9556000002
3.6816000002	50.9551000002
3.68009999979	50.9544999999
3.67840000012	50.9539999999
3.67660000004	50.9534999999
3.67339999996	50.9534000001
3.66990000022	50.9538000001
3.66829999992	50.9542000002
3.66520000025	50.9551000002
3.6627999998	50.9557000001
3.66029999998	50.9558999999
3.65799999994	50.9557000001
3.65619999986	50.9553999999
3.65310000019	50.9545999998
3.65149999989	50.9538000001
3.65	50.9531999998
3.64890000018	50.9524000001
3.64810000003	50.9511999999
3.64750000018	50.9495000002
3.64739999977	50.9484999998
3.64760000007	50.9474999999
3.64869999989	50.9444000002
3.64909999996	50.9435000002
3.64959999992	50.9422999999
3.64980000022	50.9411000002
3.64990000011	50.9399999999
3.64980000022	50.9389000001
3.64969999981	50.9383000002
3.64980000022	50.9380999999
3.65030000019	50.9375000001
3.65120000023	50.9369000002
3.65209999974	50.9361000001
3.65239999993	50.9358999998
3.65239999993	50.9352999999
3.65249999982	50.9347000001
3.65239999993	50.9342000001
3.65260000023	50.9337000001
3.65310000019	50.9333999999
3.65339999986	50.9324
3.65360000016	50.9313000002
3.65360000016	50.9304000002
3.65379999993	50.9296999999
3.65420000001	50.9291000001
3.65479999986	50.9282999999
3.65609999997	50.9267000001
3.6570999999	50.9253000001
3.65749999997	50.924
3.65820000024	50.9227999998
3.65939999994	50.9212
3.66120000002	50.9196000002
3.66260000002	50.9188000001
3.66469999976	50.9178000001
3.66680000003	50.9170999999
3.66770000007	50.9164000001
3.66919999996	50.9156
3.67090000015	50.9149000003
3.67410000023	50.9142999999
3.67679999982	50.9136000001
3.67850000001	50.9131000002
3.68009999979	50.9124999998
3.68149999979	50.9117000002
3.68210000017	50.9113000001
3.68270000002	50.9108000001
3.68360000006	50.91
3.68500000006	50.9082999998
3.68580000021	50.9070000002
3.68619999976	50.9059999998
3.68640000006	50.9045999998
3.68649999995	50.9025
3.6859000001	50.9009000002
3.68500000006	50.8988999999
3.68319999998	50.8968000001
3.68099999983	50.8945000001
3.67949999994	50.8930000002
3.67809999993	50.8922
3.67700000012	50.8917000001
3.67349999985	50.8904999998
3.67159999989	50.8900999998
3.66860000011	50.8893000001
3.66739999988	50.8886999998
3.66649999984	50.8881999998
3.66409999991	50.8871999999
3.65999999979	50.8862999998
3.65939999994	50.8861000001
3.65759999986	50.8860000002
3.65320000008	50.8860000002
3.65090000004	50.8858999998
3.64790000026	50.8855000002
3.64589999988	50.8853999998
3.64399999991	50.8853999998
3.64250000002	50.8851000001
3.6415000001	50.8847999999
3.64079999983	50.8844999998
3.6401000001	50.8839999998
3.63889999987	50.8832000002
3.63839999991	50.8829
3.63789999994	50.8824
3.63479999975	50.8810999999
3.63429999979	50.8808000002
3.63319999997	50.8805
3.63270000001	50.8800000001
3.63160000019	50.8791
3.63070000015	50.8783999998
3.63030000008	50.8777
3.62959999982	50.8767000001
3.62840000011	50.8748000001
3.62809999993	50.874
3.62800000004	50.8733000003
3.62800000004	50.8727999998
3.62809999993	50.8720000001
3.62800000004	50.8707
3.62830000022	50.8694999998
3.62859999989	50.8687000002
3.6285	50.8682000002
3.6285	50.8665999999
3.62800000004	50.8654000002
3.62669999992	50.8632000001
3.62600000018	50.8618999999
3.6257	50.8612000002
3.6257	50.8599000001
3.62589999977	50.8589000002
3.62560000011	50.8576999999
3.62560000011	50.8571000001
3.62529999992	50.8561000002
3.62470000007	50.8553999999
3.62190000006	50.8526999998
3.62080000025	50.8516
3.6183999998	50.8495000002
3.61749999976	50.8488
3.61400000001	50.8464999999
3.61260000001	50.8454000001
3.6112999999	50.8444000002
3.61020000008	50.8427999999
3.60889999997	50.8416000002
3.60659999993	50.8402000002
3.60379999992	50.8386999998
3.60109999981	50.8379000001
3.59950000003	50.8371
3.59810000002	50.8365000001
3.59290000009	50.8346000002
3.59169999986	50.8341000002
3.58939999982	50.8330999997
3.58830000001	50.8324999999
3.58730000008	50.8318000002
3.58690000001	50.8314000001
3.58659999982	50.8308000002
3.58530000023	50.8290000001
3.58469999985	50.8282
3.58340000026	50.8266000002
3.58300000019	50.8262000001
3.58189999985	50.8249999999
3.58070000014	50.824
3.57909999984	50.8227999998
3.57769999984	50.8219000002
3.57619999995	50.8212
3.5756000001	50.8208999998
3.57449999976	50.8203999998
3.57380000002	50.8198999999
3.57309999976	50.8196000002
3.57159999987	50.8193
3.57019999987	50.8192000001
3.56940000024	50.8193
3.5671000002	50.8192000001
3.56350000004	50.8193999999
3.56089999981	50.8198
3.55899999985	50.8199999998
3.55770000026	50.8199999998
3.55650000003	50.8198999999
3.55540000021	50.8196000002
3.55429999988	50.8191000002
3.55289999987	50.8183000001
3.5513000001	50.8171999998
3.54990000009	50.8157999998
3.5484000002	50.8142
3.54750000016	50.8133999998
3.54639999983	50.8127000001
3.54349999993	50.8115999997
3.54169999986	50.8109999999
3.53960000011	50.8104
3.53620000026	50.8096999998
3.5337999998	50.8094000001
3.53229999991	50.809
3.53170000006	50.8089000002
3.52989999998	50.8082999998
3.52750000006	50.8074000003
3.5269000002	50.8072
3.52600000017	50.8067999999
3.52479999994	50.8062
3.5241000002	50.8057000001
3.52349999982	50.8052000001
3.52280000009	50.8044
3.52209999982	50.8034
3.52130000019	50.8023000002
3.52059999993	50.8009000002
3.52019999986	50.7995000002
3.51950000012	50.7983
3.51829999989	50.7970999998
3.51689999989	50.7963000001
3.51559999977	50.7956999998
3.51430000018	50.7953000002
3.51250000011	50.7949000001
3.51020000006	50.7941999999
3.50960000021	50.7941
3.50759999984	50.7940000001
3.50429999987	50.7936
3.50199999983	50.7932999998
3.50019999975	50.7927999999
3.49890000016	50.7925000002
3.49729999986	50.7920000002
3.49599999974	50.7913999999
3.49510000023	50.7906000002
3.4939	50.7898000001
3.49290000007	50.7888000002
3.49109999999	50.7875999999
3.48969999999	50.7866999999
3.48870000007	50.7859000003
3.48689999999	50.7833999999
3.4854000001	50.7811999998
3.48450000006	50.7803000003
3.48279999987	50.7787999998
3.48129999998	50.7780000002
3.48020000016	50.7776000001
3.47840000009	50.7769999998
3.47579999986	50.7759999998
3.47510000012	50.7758000001
3.47339999993	50.7747000002
3.47180000015	50.7733000002
3.46979999977	50.7721
3.46929999981	50.7716999999
3.46739999984	50.7703999998
3.46580000006	50.7694999998
3.46430000017	50.7684999999
3.46300000006	50.7674999999
3.46240000021	50.7669000001
3.46150000017	50.7661999998
3.46010000017	50.7649000002
3.45930000002	50.7641000001
3.45770000024	50.7628
3.45419999997	50.76
3.45329999993	50.7595
3.45220000012	50.759
3.45019999974	50.7581999999
3.44760000003	50.7576999999
3.44560000018	50.7571000001
3.44409999977	50.7562
3.44140000017	50.7548999999
3.43760000024	50.7525999999
3.43429999975	50.7506999999
3.4325000002	50.7497999999
3.43160000016	50.7492
3.42949999989	50.7482000001
3.42780000022	50.7470999997
3.42590000026	50.7464
3.42370000011	50.7459999999
3.42140000006	50.7458000002
3.41940000021	50.7459999999
3.41770000002	50.7460999998
3.41409999987	50.7460999998
3.41200000012	50.7459999999
3.41089999979	50.7456999997
3.40859999974	50.7449000001
3.40730000015	50.7442999997
3.40550000008	50.7431
3.40329999992	50.7408999999
3.40279999996	50.7399999998
3.40120000018	50.7375
3.40059999981	50.7365000001
3.40020000025	50.7353999998
3.3994000001	50.7343999998
3.39900000003	50.7333
3.3977999998	50.7322000002
3.39719999995	50.7317000002
3.39629999991	50.7310999999
3.39439999994	50.7300000001
3.39420000017	50.7300000001
3.39349999991	50.7295000001
3.39079999979	50.7286999999
3.38920000001	50.7282999999
3.38839999986	50.7282999999
3.38599999993	50.7280000002
3.38030000003	50.7273999998
3.3762999998	50.7271000002
3.37479999991	50.7268
3.37259999976	50.7262000001
3.37030000024	50.7249999999
3.36929999979	50.7244
3.36819999998	50.7235999999
3.36770000001	50.7226
3.36679999997	50.7206000001
3.36549999986	50.7183000001
3.36520000019	50.7175999998
3.36440000004	50.7161999998
3.36380000019	50.7146999999
3.36309999993	50.7144000003
3.3621	50.7128999998
3.36169999993	50.7096999998
3.36110000008	50.7095999999
3.3607	50.7096999998
3.36079999989	50.7109
3.36139999974	50.7133999998
3.36229999978	50.7146999999
3.36279999974	50.7151
3.36340000012	50.7158000003
3.36490000001	50.7188
3.36520000019	50.7196000002
3.3663999999	50.7219000002
3.36739999982	50.7235
3.36890000024	50.7248000001
3.3694000002	50.7253000001
3.37140000006	50.7263999999
3.37249999987	50.7267000001
3.3734999998	50.7271000002
3.37659999999	50.7277
3.37989999996	50.7278999998
3.3836	50.7282
3.38569999974	50.7283999998
3.38839999986	50.7286999999
3.39050000012	50.7290000001
3.39169999983	50.7292999998
3.39280000017	50.7299000002
3.39320000024	50.7300999999
3.39359999979	50.7301999998
3.3949999998	50.731
3.39620000002	50.7318000001
3.39669999999	50.7324
3.39710000006	50.7324999999
3.39769999991	50.7333
3.39840000018	50.7345000002
3.39909999991	50.7353999998
3.39949999999	50.7362999998
3.40070000022	50.7381999998
3.40210000022	50.7403
3.40279999996	50.7413
3.40400000018	50.7427
3.40550000008	50.7440000001
3.40669999978	50.7446999998
3.40830000008	50.7453000002
3.41020000005	50.7460999998
3.41179999982	50.7465999998
3.4121999999	50.7469999999
3.41430000016	50.7469
3.41580000006	50.7468000001
3.41649999979	50.7465999998
3.41739999983	50.7464999999
3.41869999995	50.7463000001
3.42140000006	50.7464
3.42349999981	50.7465999998
3.42590000026	50.7469999999
3.42740000015	50.7474999998
3.43009999974	50.7491000001
3.43160000016	50.7501000001
3.4339000002	50.7512999998
3.43720000017	50.7530999998
3.4407999998	50.7554999998
3.44349999991	50.7567999999
3.4452000001	50.7576999999
3.44779999981	50.7581999999
3.44990000007	50.7585000001
3.45159999974	50.7593000002
3.45279999997	50.7598000002
3.45419999997	50.7605999998
3.45590000016	50.7621000002
3.45699999997	50.7628999998
3.45859999975	50.7642999999
3.45979999998	50.7655000001
3.46219999991	50.7677000002
3.46330000025	50.7684999999
3.46409999987	50.7688999999
3.4653000001	50.7697000001
3.46660000022	50.7706000001
3.46850000018	50.7721
3.46910000003	50.7725000001
3.47019999985	50.7730999999
3.471	50.7735999999
3.47270000019	50.7745999998
3.47270000019	50.7749
3.47470000004	50.7761000002
3.47489999982	50.7768999999
3.47529999989	50.7771000002
3.47610000004	50.7772000001
3.47679999978	50.7771000002
3.47719999986	50.7771000002
3.4780999999	50.7773999998
3.47989999998	50.7781000001
3.48129999998	50.7787
3.48239999979	50.7794000002
3.48369999991	50.7805
3.48440000017	50.7815
3.48569999976	50.7832000001
3.48609999984	50.7838
3.48670000021	50.7846000001
3.48789999991	50.7861
3.48910000014	50.7871
3.49209999992	50.7893000001
3.49320000026	50.7899999999
3.49459999974	50.7911000002
3.49599999974	50.7920000002
3.49790000023	50.7927
3.49999999997	50.7932999998
3.50199999983	50.7936999999
3.5037999999	50.7939000002
3.50740000006	50.7948000002
3.51020000006	50.7948000002
3.51210000003	50.7950999999
3.51309999996	50.7955
3.51520000022	50.7962000002
3.5168	50.7968000001
3.51770000004	50.7973999999
3.51879999985	50.7984999998
3.51940000023	50.7995000002
3.51979999978	50.8009000002
3.52080000023	50.803
3.52159999986	50.8039999999
3.52230000012	50.8049999998
3.52320000016	50.8058999998
3.52349999982	50.8061000001
3.52429999998	50.8066000001
3.5252999999	50.8071000001
3.52600000017	50.8075000001
3.52660000002	50.8077999998
3.52949999991	50.8089000002
3.53049999984	50.8091999998
3.5309999998	50.8094000001
3.53319999995	50.8098000002
3.53580000018	50.8101999997
3.53889999985	50.8109
3.54060000004	50.8113000001
3.54309999986	50.8119999998
3.54510000023	50.8127000001
3.54610000016	50.8132
3.54689999979	50.8137999999
3.54760000005	50.8143999997
3.54850000009	50.8152999998
3.54909999994	50.8160999999
3.55049999994	50.8175999998
3.55139999998	50.8183000001
3.55230000002	50.8188999999
3.55370000002	50.8197000001
3.55490000025	50.8201000002
3.55590000018	50.8203999998
3.55780000014	50.8206000001
3.55970000011	50.8205000002
3.56050000026	50.8203999998
3.56169999996	50.8202999999
3.56279999978	50.8201000002
3.56430000019	50.8198999999
3.56580000008	50.8198
3.5696999999	50.8198
3.57220000024	50.8199999998
3.57320000017	50.8202000001
3.57410000021	50.8206000001
3.5753999998	50.8212999999
3.57740000018	50.8225000001
3.57980000011	50.8244000001
3.58110000022	50.8254
3.58210000015	50.8263
3.58319999996	50.8275000003
3.58390000023	50.8283999998
3.58459999996	50.8291999999
3.58559999989	50.8308000002
3.58630000015	50.8316999997
3.58770000016	50.8330999997
3.58910000016	50.8338
3.59019999997	50.8343
3.5911999999	50.8347
3.59250000002	50.8352
3.59769999995	50.8371
3.60109999981	50.8384000001
3.60320000007	50.8393000001
3.60600000008	50.8408
3.60680000023	50.8409999998
3.60730000019	50.8413999999
3.60809999982	50.8420000002
3.60939999993	50.8431999999
3.61100000023	50.8449000001
3.61279999979	50.8464
3.61689999991	50.8493999998
3.61820000002	50.8502
3.62009999999	50.852
3.6211999998	50.853
3.62289999999	50.8547000002
3.62399999981	50.8558999999
3.62449999977	50.8567
3.62479999996	50.8577999998
3.62500000026	50.8587999997
3.62500000026	50.8594000001
3.62479999996	50.8604999999
3.62479999996	50.8613000001
3.62510000014	50.8618999999
3.62600000018	50.8633999998
3.62729999977	50.8656999999
3.62769999985	50.8665999999
3.62780000026	50.8675999998
3.62759999996	50.8692000001
3.62740000019	50.8701000002
3.62729999977	50.8717999998
3.6271	50.8730000001
3.62759999996	50.8749999999
3.62819999981	50.8758000001
3.62909999985	50.8773
3.62959999982	50.8778999998
3.6299	50.8782999999
3.63049999985	50.8790000002
3.63120000012	50.8796
3.63189999986	50.8801
3.63229999993	50.8805
3.63289999978	50.881
3.63459999997	50.8815999999
3.6372000002	50.8827000002
3.63830000002	50.8833999999
3.63899999976	50.8838
3.64019999998	50.8847000001
3.64079999983	50.8851000001
3.64169999987	50.8853999998
3.6429000001	50.8857
3.64349999995	50.8857999999
3.64449999988	50.8858999998
3.64679999992	50.8858999998
3.64909999996	50.8861999999
3.65299999978	50.8865000001
3.65469999997	50.8864000002
3.65540000023	50.8865000001
3.65700000001	50.8864000002
3.6587000002	50.8865000001
3.6598999999	50.8867999998
3.66120000002	50.8871
3.66210000006	50.8874000002
3.6641999998	50.8878000002
3.6655999998	50.8884000001
3.66680000003	50.8889999999
3.66770000007	50.8895999998
3.66910000007	50.8900999998
3.67309999978	50.8911000002
3.67479999997	50.8914999998
3.67610000008	50.8920000003
3.67759999997	50.8927
3.6788000002	50.8934000003
3.67970000024	50.8941
3.6802000002	50.8949000001
3.68229999994	50.8969
3.68289999979	50.8975999997
3.68400000013	50.8991000002
3.68459999998	50.8997999999
3.68500000006	50.9010000001
3.68540000013	50.9020999999
3.68550000002	50.9035999998
3.68540000013	50.9048
3.68490000017	50.9070000002
3.6842999998	50.9081999999
3.68279999991	50.9098000002
3.68130000001	50.9112000002
3.67980000012	50.9118999999
3.67790000016	50.9126000002
3.67610000008	50.9131000002
3.67330000008	50.9137999999
3.67069999985	50.9145000002
3.66879999988	50.9151999999
3.66620000018	50.9165
3.66200000017	50.9184
3.65939999994	50.9201000002
3.65899999987	50.9203999999
3.65840000001	50.9210000002
3.65790000005	50.9217
3.65719999979	50.9229000002
3.65659999994	50.924
3.65619999986	50.9250999998
3.65489999975	50.9269999998
3.65379999993	50.9282999999
3.65310000019	50.9292999998
3.65270000012	50.9300000001
3.65270000012	50.9304000002
3.65260000023	50.9315999999
3.65239999993	50.9324999999
3.65209999974	50.9333999999
3.64990000011	50.9362999998
3.64909999996	50.9371
3.64869999989	50.9378000003
3.64869999989	50.9384000001
3.64879999977	50.9399
3.64869999989	50.9413
3.64840000022	50.9430000002
3.64810000003	50.9436
3.64760000007	50.9444000002
3.64729999988	50.9460999999
3.64650000026	50.9479999998
3.64660000014	50.9489999998
3.64689999981	50.9509000002
3.64779999985	50.9523000002
3.64900000007	50.9533000002
3.64969999981	50.9538000001
3.65090000004	50.9544
3.65260000023	50.9551000002
3.65550000012	50.9558999999
3.65840000001	50.9565000002
3.66049999976	50.9565000002
3.66160000009	50.9563999998
3.66269999991	50.9562000001
3.66570000021	50.9554999998
3.66869999999	50.9547000002
3.67059999996	50.9543000001
3.6729	50.9540999998
3.67589999978	50.9540999998
3.67800000005	50.9545999998
3.68120000013	50.9556000002
3.68310000009	50.9567
3.68440000021	50.9576000001
3.68519999983	50.9586
3.6856999998	50.9596999998
3.68640000006	50.9609999999
3.6873000001	50.9624999998
3.68830000003	50.9638999998
3.68960000014	50.9650000002
3.69039999977	50.9656
3.69309999988	50.9665999999
3.69570000011	50.9675999999
3.69739999978	50.9684
3.69810000004	50.9689
3.69900000008	50.9698999999
3.69969999982	50.9707999999
3.70049999997	50.9720000002
3.70120000024	50.9731
3.70199999986	50.974
3.70280000001	50.9745
3.7045000002	50.9755999998
3.70680000024	50.9768999999
3.7088000001	50.9782
3.71039999988	50.9794000002
3.71100000025	50.9801
3.71319999988	50.9816999998
3.71469999977	50.9829
3.71540000003	50.9838
3.71789999985	50.9865000001
3.72029999978	50.9893000002
3.72169999978	50.9908999999
3.72240000005	50.9916000002
3.72280000012	50.9925000002
3.72280000012	50.9936
3.72249999993	50.9942999998
3.72219999975	50.9955
3.72180000019	50.9956999998
3.72150000001	50.9964999999
3.72130000023	50.9978000001
3.72130000023	50.9986000002
3.72150000001	50.9997
3.72209999986	51.0005000002
3.72270000023	51.0011999999
3.72330000009	51.0017999998
3.72470000009	51.0026999998
3.72539999983	51.0029000001
3.72550000024	51.0033000002
3.7257999999	51.0039
3.72619999998	51.0043000001
3.72700000013	51.0044
3.7274000002	51.0044
3.72800000006	51.0048000001
3.72930000017	51.0056000002
3.7303000001	51.0063
3.7314999998	51.0071000001
3.73260000014	51.0079000003
3.73360000007	51.0091999999
3.73410000003	51.01
3.73419999992	51.0109999999
3.73410000003	51.0115999998
3.73709999981	51.0118000001
3.73839999992	51.0120999997
3.74010000011	51.0132000001
3.7416	51.0142
3.74179999978	51.0145000002
3.74190000019	51.0156
3.74169999989	51.0161999999
3.74200000008	51.0165999999
3.74250000004	51.0174000001
3.74309999989	51.0184999999
3.74340000008	51.0193000001
3.74349999997	51.0198999999
3.74399999993	51.0215000002
3.7444999999	51.0221000001
3.74509999975	51.0234000002
3.74520000016	51.0243000002
3.74499999986	51.0252000003
3.74480000008	51.0266000003
3.74420000023	51.0277000001
3.74280000023	51.0291000001
3.74169999989	51.0301
3.74069999996	51.0305000001
3.7402	51.0308000003
3.73960000015	51.0309000001
3.7374	51.0306999998
3.73590000011	51.0305000001
3.73509999996	51.0306
3.7342999998	51.0308000003
3.73369999995	51.0310999999
3.73350000018	51.0315999999
3.73319999999	51.032
3.7331000001	51.0325999998
3.7331000001	51.0334999999
3.7328999998	51.0338
3.73250000025	51.0342000001
3.73220000006	51.0347000001
3.73229999995	51.0353999998
3.73250000025	51.0358999998
3.73279999991	51.0363999997
3.73319999999	51.0370000001
3.73379999984	51.0376
3.73459999999	51.0379000002
3.73540000014	51.0380999999
3.73649999996	51.038
3.73759999977	51.0377999997
3.73830000004	51.0379000002
3.7388	51.0384000001
3.7388	51.0386999998
3.73870000011	51.0389000001
3.73889999989	51.0393000002
3.73960000015	51.0394999999
3.74000000023	51.0398000001
3.74010000011	51.0399999999
3.74010000011	51.0409999998
3.74119999993	51.0426000001
3.74200000008	51.0435000002
3.74340000008	51.0446999999
3.74530000005	51.0460999999
3.74720000001	51.0470999998
3.74800000016	51.0474
3.74840000024	51.0474999999
3.74919999987	51.0474
3.7518000001	51.0469999999
3.75310000021	51.0467000003
3.75379999995	51.0465
3.75540000025	51.0469
3.75659999995	51.0472000002
3.75840000003	51.0475999998
3.76010000022	51.0479999998
3.76060000019	51.0482000001
3.76179999989	51.0486000002
3.76480000019	51.0495000003
3.76689999993	51.0498999998
3.76839999982	51.0501000001
3.77230000017	51.0501000001
3.77410000025	51.0500000002
3.77660000006	51.0497999999
3.77899999999	51.0495000003
3.78070000018	51.0492000001
3.78329999989	51.0486000002
3.78540000015	51.0479999998
3.78740000001	51.0474
3.78920000008	51.0465999998
3.79039999979	51.0458000002
3.79160000001	51.0446999999
3.79259999994	51.0435000002
3.79300000002	51.0425000002
3.79340000009	51.0412000001
3.79340000009	51.0405999998
3.79349999998	51.0398000001
3.79319999979	51.0384000001
3.79229999975	51.0374000002
3.79140000024	51.0362999999
3.7905000002	51.0355000002
3.78970000005	51.0346000002
3.7891000002	51.0328000001
3.7891000002	51.0315999999
3.78870000012	51.0301999999
3.78820000016	51.0287999999
3.78780000008	51.0282
3.78770000019	51.0278
3.78770000019	51.0273
3.78799999986	51.0266000003
3.78860000023	51.0257000002
3.78899999978	51.025
3.7891000002	51.0238000002
3.78870000012	51.0230000001
3.78839999993	51.0222999998
3.78830000004	51.0216000001
3.78849999982	51.0208999998
3.7891000002	51.0202000001
3.7902999999	51.0189999999
3.79140000024	51.0178000002
3.79240000016	51.0165999999
3.79280000024	51.0152999998
3.79369999975	51.0128999999
3.79430000013	51.0118000001
3.79649999976	51.0095999999
3.79789999976	51.0086999999
3.79869999991	51.0081
3.79990000014	51.0077
3.80130000014	51.0071000001
3.80510000007	51.0049999998
3.80600000011	51.0044
3.80659999996	51.0038000001
3.80740000011	51.0030999999
3.80840000004	51.0023000003
3.80959999974	51.0019000002
3.81099999975	51.0015000001
3.81229999986	51.0010000001
3.81379999975	51.0006000001
3.81530000016	51.0001000001
3.81720000013	50.9996000001
3.81860000013	50.9992000001
3.81960000006	50.9986000002
3.82100000006	50.9974999999
3.82290000003	50.9968000001
3.82430000003	50.9961999998
3.82520000007	50.9956999998
3.82600000022	50.9950999999
3.82809999996	50.9940000001
3.82949999996	50.9936999999
3.83189999989	50.9932999999
3.83460000001	50.9932
3.83780000009	50.9935000002
3.84020000002	50.9939000002
3.84269999984	50.9945000001
3.84489999999	50.9950999999
3.84649999977	50.9958000002
3.84789999977	50.9967000002
3.84940000018	50.9974999999
3.85080000019	50.9983999999
3.85239999997	50.9995000002
3.85420000004	51.0006999999
3.85519999997	51.0015000001
3.85700000005	51.0021
3.85890000001	51.0021999998
3.86170000002	51.0021999998
3.86430000025	51.0025999999
3.86649999988	51.0034000001
3.86829999995	51.0043000001
3.87190000011	51.0058999999
3.87320000022	51.0063999998
3.8748	51.0067999999
3.87629999989	51.0070000002
3.87700000016	51.0072
3.87779999978	51.0077999998
3.87850000005	51.0081999999
3.8790999999	51.0085000001
3.87980000016	51.0086999999
3.8807000002	51.0089000002
3.88289999983	51.0087999998
3.88389999976	51.0089000002
3.88540000017	51.0095999999
3.88669999976	51.0100999999
3.8875999998	51.0103000002
3.88870000014	51.0103000002
3.89150000014	51.0105
3.8935	51.0106999997
3.89440000004	51.0109999999
3.89589999993	51.0117000002
3.89750000023	51.0124999998
3.89819999997	51.0128999999
3.89860000004	51.0132000001
3.89919999989	51.0134999997
3.90140000005	51.0137
3.90370000009	51.0140000002
3.90590000024	51.0145000002
3.90840000006	51.0151
3.91409999996	51.0166999998
3.91689999996	51.0170999999
3.91879999993	51.0173000002
3.92090000019	51.0174000001
3.92359999979	51.0171999998
3.92420000016	51.0170999999
3.92570000005	51.0166999998
3.92779999979	51.0156999999
3.93020000025	51.0142999999
3.93289999984	51.0127000001
3.93690000007	51.0104000001
3.94060000011	51.0081999999
3.94309999993	51.0068999998
3.94430000016	51.0063
3.94589999994	51.0056000002
3.9466000002	51.0054999998
3.94720000005	51.0054999998
3.94810000009	51.0056000002
3.94890000024	51.0063
3.95030000024	51.0072
3.95140000006	51.0076000001
3.95330000002	51.0081
3.95439999984	51.0086
3.9548999998	51.0087999998
3.95529999988	51.0092999997
3.95579999984	51.0100999999
3.95619999992	51.0106999997
3.95780000022	51.0123
3.95899999992	51.0133999999
3.95970000018	51.0141000001
3.95999999985	51.0156999999
3.95989999996	51.0174000001
3.95999999985	51.0189999999
3.96030000003	51.0196000002
3.96099999977	51.0203
3.96189999981	51.0208999998
3.96310000004	51.0216000001
3.96450000004	51.0217999999
3.96590000004	51.0215000002
3.96770000012	51.0207999999
3.96960000009	51.0198999999
3.97100000009	51.0194999998
3.97219999979	51.0189
3.97349999991	51.0175999999
3.97420000017	51.0164000002
3.97420000017	51.0154000002
3.97399999987	51.0142
3.97340000002	51.0129999998
3.97280000017	51.0114999999
3.97269999976	51.0101999998
3.97299999994	51.0095
3.97370000021	51.0090000001
3.97439999995	51.0086
3.9752000001	51.0081999999
3.97729999984	51.0072999999
3.97900000003	51.0066000001
3.98239999988	51.0047000002
3.98379999989	51.0042000002
3.98559999996	51.0038000001
3.98770000023	51.0038000001
3.98899999982	51.0039
3.98999999975	51.0040999998
3.9907999999	51.0042000002
3.99319999983	51.0040999998
3.99490000002	51.0039999999
3.99570000017	51.0039999999
3.99729999995	51.0042000002
3.99850000017	51.0044
3.99990000018	51.0047000002
4.00199999992	51.0049999998
4.00439999985	51.0053
4.0066	51.0053999999
4.00780000023	51.0054999998
4.01049999982	51.0056000002
4.0122999999	51.0062000001
4.01450000005	51.0066000001
4.01599999994	51.0068999998
4.01699999987	51.0072
4.01829999998	51.0077999998
4.02150000006	51.0105
4.02349999992	51.0117000002
4.02639999981	51.0129999998
4.02819999989	51.0136000002
4.02969999978	51.0142
4.03120000019	51.0150000002
4.03429999986	51.0166999998
4.03650000001	51.0175999999
4.03849999987	51.0185999998
4.03910000024	51.0189999999
4.03979999998	51.0197000001
4.04029999994	51.0206000002
4.04060000013	51.0217999999
4.04050000024	51.0236999998
4.04010000017	51.0257000002
4.03979999998	51.0281000001
4.04020000006	51.0292999998
4.04029999994	51.0304000002
4.03999999976	51.0311999998
4.03999999976	51.0315999999
4.03970000009	51.0321999997
4.03910000024	51.0324999999
4.03949999979	51.0330999998
4.03930000002	51.0343999999
4.03989999987	51.0355000002
4.04060000013	51.0365000002
4.04150000017	51.0369000002
4.0425000001	51.0371999999
4.04319999984	51.0376999999
4.04380000021	51.0386999998
4.04399999999	51.0403000001
4.04440000006	51.0404999999
4.04440000006	51.0407000002
4.04419999976	51.0408999999
4.04440000006	51.0409999998
4.04480000014	51.0411000002
4.04549999988	51.0418999999
4.0453000001	51.0422999999
4.04679999999	51.0430000002
4.04770000003	51.0440000001
4.04950000011	51.0451999998
4.05109999989	51.046
4.05270000019	51.0472000002
4.05370000012	51.0475999998
4.05439999986	51.0481000003
4.05610000005	51.0488
4.05750000005	51.0489999998
4.05790000012	51.0489999998
4.0583000002	51.0493999998
4.05880000016	51.0493
4.0597000002	51.0493
4.06250000021	51.0500000002
4.06459999995	51.0502
4.06609999984	51.0500000002
4.06720000018	51.0496000001
4.06810000022	51.0488999999
4.06910000014	51.0492000001
4.06969999999	51.0497
4.07079999981	51.0502
4.07140000018	51.0503999998
4.07180000026	51.0502999999
4.07299999996	51.0506000001
4.07290000007	51.0507999998
4.07290000007	51.0511
4.07349999993	51.0510000001
4.07430000008	51.0506000001
4.07539999989	51.0502
4.07650000023	51.0500000002
4.07850000008	51.0502
4.07940000012	51.0502
4.0812000002	51.0498999998
4.08329999994	51.0497
4.08460000006	51.0493999998
4.08600000006	51.0492000001
4.08640000013	51.0492000001
4.08749999995	51.0488999999
4.08849999988	51.0483999999
4.08930000003	51.0473000001
4.0897000001	51.0463000002
4.08960000021	51.0450999999
4.08999999977	51.0446
4.09139999977	51.0440000001
4.09279999977	51.0432
4.094	51.0422999999
4.09490000004	51.0413
4.09549999989	51.0404999999
4.09660000023	51.0391999998
4.09829999989	51.0371
4.09889999974	51.0362999999
4.09940000023	51.0353999998
4.10050000005	51.0346000002
4.10149999997	51.0343999999
4.10209999982	51.0342000001
4.10280000009	51.0342000001
4.10349999983	51.0343
4.10429999998	51.0347000001
4.10520000002	51.0351000002
4.10669999991	51.0362
4.10740000017	51.0366
4.10780000024	51.0367999998
4.10869999976	51.0372999998
4.11020000017	51.0379000002
4.11089999991	51.0381999998
4.11279999988	51.0384000001
4.11509999992	51.0386999998
4.11939999982	51.0398000001
4.12150000008	51.0402000002
4.12309999986	51.0408000001
4.12439999997	51.0414999998
4.1253999999	51.0422000001
4.12710000009	51.0435000002
4.12729999987	51.0440000001
4.12710000009	51.0446999999
4.12670000001	51.0454000001
4.12620000005	51.0464000001
4.12639999983	51.0469
4.1270000002	51.0478000001
4.1284000002	51.0493
4.12999999998	51.0505000002
4.13120000021	51.0516
4.13180000006	51.0525999999
4.13199999984	51.0539
4.13189999995	51.0549999999
4.13220000014	51.0563999999
4.13230000002	51.0572
4.13279999999	51.0580000002
4.13339999984	51.0585000001
4.13460000007	51.0586999999
4.1352999998	51.0586
4.13590000018	51.0586999999
4.13920000015	51.0576000001
4.14189999974	51.0571000001
4.14400000001	51.0568999998
4.1457000002	51.0567
4.14680000001	51.0567
4.14789999983	51.0568999998
4.1496999999	51.0572999999
4.15149999998	51.0577999999
4.15270000021	51.0580000002
4.15389999991	51.0578999997
4.15479999995	51.0576000001
4.15569999999	51.0570000002
4.15650000014	51.0558999999
4.15719999988	51.0554999998
4.15790000014	51.0549999999
4.15800000003	51.0544999999
4.15740000018	51.0534000001
4.15610000006	51.0525
4.1553999998	51.0521999998
4.15470000006	51.0521
4.15209999983	51.0516
4.15140000009	51.0514000002
4.15090000013	51.0511
4.15100000002	51.0509000003
4.15100000002	51.0506000001
4.15149999998	51.0503999998
4.15270000021	51.0502999999
4.15410000021	51.0506000001
4.15470000006	51.0507
4.15589999976	51.0507999998
4.15690000021	51.0506000001
4.15719999988	51.0505000002
4.15790000014	51.0502
4.15840000011	51.0498999998
4.15880000018	51.0493
4.15920000026	51.0482000001
4.16009999977	51.0474
4.16070000015	51.0465999998
4.16189999985	51.0453000002
4.16319999996	51.0436999999
4.16419999989	51.0418999999
4.16519999982	51.0404999999
4.16640000004	51.0393000002
4.16789999993	51.038
4.17209999994	51.0351000002
4.17520000013	51.0334999999
4.1768999998	51.0328000001
4.17800000014	51.0324999999
4.17959999992	51.0324999999
4.18070000025	51.0327000002
4.18130000011	51.0329
4.18220000015	51.0334
4.18270000011	51.0338
4.18339999985	51.0344999998
4.18370000004	51.0344999998
4.18350000026	51.0341000002
4.18329999996	51.0334
4.18289999988	51.0329
4.1842	51.0325999998
4.18590000019	51.0324999999
4.18629999974	51.0327000002
4.18690000012	51.0330999998
4.18759999986	51.0337000002
4.18849999989	51.0343999999
4.18880000008	51.0348999999
4.18920000016	51.0362
4.18899999986	51.0377999997
4.18859999978	51.0394999999
4.18780000015	51.0411000002
4.18719999978	51.0419999998
4.18669999982	51.0430000002
4.18629999974	51.0433999998
4.18540000023	51.0435000002
4.18460000007	51.0435000002
4.18500000015	51.0439000002
4.18519999993	51.0439000002
4.1856	51.0440000001
4.18569999989	51.0442999998
4.18579999978	51.0447999998
4.18590000019	51.0461999998
4.18629999974	51.0472000002
4.18669999982	51.0479
4.18730000019	51.0482000001
4.18920000016	51.0488999999
4.19089999982	51.0497999999
4.19380000024	51.0514000002
4.19480000017	51.0523000003
4.19680000002	51.0535999999
4.19770000006	51.0544999999
4.19800000025	51.0549999999
4.19800000025	51.0557000001
4.19760000017	51.0559999998
4.19599999987	51.0566000002
4.19440000009	51.0570000002
4.19350000005	51.0572999999
4.19200000016	51.0576000001
4.19039999986	51.0577999999
4.18899999986	51.0581
4.18740000008	51.0587999998
4.18629999974	51.0595999999
4.18609999996	51.06
4.18579999978	51.0610999998
4.18540000023	51.0614999999
4.18540000023	51.0632000001
4.18529999981	51.0661999999
4.18519999993	51.0662999998
4.18489999974	51.0665000001
4.18469999996	51.0665999999
4.18460000007	51.0666999998
4.18469999996	51.0669000001
4.18489999974	51.067
4.18519999993	51.0670999999
4.18529999981	51.0673000002
4.18619999985	51.0701000002
4.18640000015	51.0721000001
4.187	51.0738000003
4.18809999982	51.0764999999
4.18820000023	51.0790000002
4.18780000015	51.0799000002
4.18730000019	51.0811999998
4.18629999974	51.0824999999
4.18519999993	51.0834
4.18320000007	51.0844999998
4.18249999981	51.0846000002
4.18199999985	51.0846000002
4.18130000011	51.0848
4.18049999996	51.0848999999
4.17790000025	51.0853999998
4.17579999998	51.0860000002
4.1728000002	51.0876
4.17179999975	51.0883000002
4.17129999979	51.0893000002
4.17069999994	51.0905999998
4.17079999983	51.0913999999
4.17090000024	51.0927999999
4.17090000024	51.0940000001
4.17129999979	51.0960999999
4.17200000005	51.0978000001
4.17290000009	51.1001000001
4.17330000017	51.1008999997
4.17449999987	51.1016
4.17739999976	51.1033000002
4.1785000001	51.1039
4.18109999981	51.1049
4.18400000022	51.1056000002
4.18820000023	51.1067999999
4.18999999978	51.1076000001
4.19169999997	51.1084000002
4.19359999994	51.1095999999
4.19459999987	51.11
4.19509999983	51.1103000002
4.19530000013	51.1108000002
4.19570000021	51.1113000001
4.19639999994	51.1118000001
4.19689999991	51.1120999998
4.19829999991	51.1133999999
4.20040000018	51.1150000002
4.20270000022	51.1165000001
4.20299999988	51.1170999999
4.20309999977	51.1175999999
4.20240000003	51.1175
4.20220000025	51.1178000002
4.20240000003	51.1180999998
4.20240000003	51.1183000001
4.20320000018	51.1185999998
4.20410000022	51.1189999999
4.20500000026	51.1194999998
4.20640000026	51.1206000002
4.20719999989	51.1206000002
4.20809999993	51.1212999999
4.20999999989	51.1222999999
4.21120000012	51.1226999999
4.21379999982	51.1229000002
4.21550000001	51.1230000001
4.21810000024	51.1226999999
4.22159999999	51.1222999999
4.22420000022	51.1217
4.22660000014	51.1213999998
4.22779999985	51.1212
4.22980000022	51.1207000001
4.23189999997	51.1199999998
4.23270000012	51.1197000001
4.23420000001	51.1189999999
4.23690000012	51.1178000002
4.23859999979	51.117
4.23989999991	51.1166
4.24169999998	51.1159000002
4.24269999991	51.1157999998
4.24469999976	51.1156999999
4.24649999984	51.1157999998
4.24770000007	51.1160000001
4.2501	51.1161999999
4.25449999978	51.1168000003
4.25710000001	51.1174000001
4.25830000024	51.1179000001
4.26049999987	51.1182000003
4.26289999979	51.1189999999
4.26410000002	51.1198
4.26459999998	51.1202000001
4.26550000002	51.1208
4.26699999991	51.1215000002
4.26970000003	51.1225000002
4.27129999981	51.1230000001
4.27269999981	51.1234000002
4.27430000011	51.1237999997
4.2758	51.1240999999
4.27909999997	51.1244000001
4.28209999975	51.1245999999
4.28439999979	51.1249000001
4.28790000006	51.1249000001
4.29229999984	51.1248000002
4.29499999996	51.1249000001
4.29620000019	51.125
4.29770000008	51.1250999999
4.30069999986	51.1250999999
4.30230000016	51.1251999997
4.30560000013	51.1258000001
4.30899999998	51.1268
4.31089999995	51.1273999999
4.31189999988	51.1277000001
4.3128999998	51.1281000002
4.31609999988	51.1292
4.31929999996	51.1311999998
4.32160000001	51.1325999998
4.3230999999	51.1338000001
4.32369999975	51.1343999999
4.32420000023	51.1349999998
4.32459999979	51.1361000001
4.32459999979	51.1367
4.32509999975	51.1385999999
4.32530000005	51.1404999999
4.3258999999	51.1423999999
4.32649999975	51.1428999998
4.32679999994	51.1433999998
4.32649999975	51.1437
4.32629999998	51.1440000002
4.32649999975	51.1441
4.32689999983	51.1444000002
4.32689999983	51.1451
4.32679999994	51.1459000001
4.3272999999	51.1488999999
4.3275000002	51.1493
4.32779999987	51.1501000001
4.32800000017	51.1508999998
4.32800000017	51.1521999999
4.32789999975	51.1535
4.32769999998	51.1544
4.32769999998	51.1591
4.32739999979	51.1592999998
4.32700000024	51.1599000001
4.32689999983	51.1603000002
4.32670000005	51.1632000001
4.32649999975	51.1643999998
4.3258999999	51.1656999999
4.3261000002	51.1666999999
4.32530000005	51.1689999999
4.32520000016	51.1703
4.32539999994	51.1712
4.32520000016	51.1726000001
4.32480000009	51.1734000002
4.3247000002	51.1744000001
4.32459999979	51.1782999999
4.32520000016	51.1816999998
4.32549999982	51.1842000001
4.32580000001	51.1848999999
4.32629999998	51.1858999998
4.3289000002	51.1905999998
4.33059999987	51.1924999997
4.3318000001	51.1933999998
4.33329999999	51.1942999998
4.33379999995	51.1949000002
4.33540000025	51.1965
4.33640000018	51.1970999998
4.33870000022	51.1983000001
4.34020000011	51.1989999998
4.34200000019	51.1993999999
4.34409999993	51.2000000002
4.34559999982	51.2007999999
4.34699999982	51.2011000001
4.34860000013	51.2014000002
4.35420000013	51.2029000001
4.35919999977	51.2042000003
4.36410000004	51.2054999998
4.36569999982	51.2058999999
4.36690000004	51.2063999999
4.36799999986	51.2068
4.3691000002	51.2072999999
4.37110000005	51.2080000002
4.37359999987	51.2087999998
4.37789999976	51.2106999998
4.38049999999	51.2119999999
4.38310000022	51.2133999999
4.38489999977	51.2147999999
4.38550000015	51.2152
4.38659999996	51.2164000002
4.38719999982	51.2171999998
4.38819999974	51.2183000002
4.39120000005	51.2222999999
4.39120000005	51.2229000002
4.39290000024	51.2253000002
4.39369999986	51.2265999998
4.39359999998	51.2271000003
4.39469999979	51.2292999999
4.39450000002	51.2295000002
4.39409999994	51.2296000001
4.39390000016	51.2295000002
4.39290000024	51.2295000002
4.39310000001	51.2321999998
4.3948000002	51.2321999998
4.39440000013	51.2301
4.39509999987	51.2300000001
4.39570000024	51.2309000002
4.39630000009	51.2319000001
4.39689999994	51.2325999999
4.39670000017	51.2339
4.39540000005	51.2347000001
4.39369999986	51.2353999999
4.39219999997	51.2354999997
4.38930000008	51.2361000001
4.3875	51.2362
4.38510000007	51.2365000002
4.38220000018	51.2365000002
4.37950000006	51.2367
4.37769999999	51.2367999999
4.3762000001	51.2363999998
4.37069999998	51.2365000002
4.36479999978	51.2365000002
4.35909999988	51.2362
4.35639999976	51.2363999998
4.35219999976	51.2368999997
4.34850000024	51.2376999999
4.34559999982	51.2386999998
4.34359999997	51.2395999999
4.34250000015	51.2402000002
4.3389	51.2421000002
4.33500000018	51.2442999998
4.3318000001	51.2463000002
4.33099999995	51.2465999999
4.3286999999	51.2475999998
4.32710000013	51.2482000002
4.32340000008	51.2492000001
4.32060000008	51.2496000002
4.31450000011	51.2502
4.31120000014	51.2507
4.3103000001	51.2507999999
4.30959999984	51.2507999999
4.30930000017	51.2505000002
4.30999999991	51.2502
4.31120000014	51.2498999998
4.31130000003	51.2488
4.31099999984	51.2482000002
4.30840000013	51.2484
4.30679999983	51.2488
4.30650000017	51.2488999999
4.30700000013	51.2501000001
4.30729999979	51.2506000001
4.30759999998	51.2507
4.30809999995	51.2507
4.30830000024	51.2507999999
4.30809999995	51.2512
4.30759999998	51.2514000003
4.30690000024	51.2516
4.30610000009	51.2517999998
4.30529999994	51.2519000002
4.30330000009	51.2529000001
4.30199999997	51.2534000001
4.30109999993	51.2535999999
4.30050000008	51.2535999999
4.30029999978	51.2533000002
4.30029999978	51.253
4.29990000023	51.2529000001
4.29939999974	51.2530999999
4.29829999993	51.2535
4.29879999989	51.254
4.29939999974	51.2538000002
4.29969999993	51.2539000001
4.29969999993	51.2544
4.29919999997	51.2554
4.29839999982	51.2557000002
4.2973	51.2563
4.29689999993	51.2568
4.29639999996	51.2576000001
4.29570000022	51.2589000002
4.29499999996	51.2600999999
4.2945	51.2606999998
4.29390000015	51.2615999998
4.29469999977	51.2624999999
4.29509999985	51.2628999999
4.29520000026	51.2633
4.29480000018	51.2638
4.29570000022	51.2642000001
4.29549999992	51.2643999998
4.2945	51.2638999999
4.29319999988	51.2631000002
4.29210000007	51.2625999998
4.29129999992	51.2620999998
4.29060000018	51.2617000002
4.2885999998	51.2617000002
4.28769999976	51.2620999998
4.28669999983	51.2627000002
4.28349999975	51.2632000001
4.28199999986	51.2633999999
4.27340000007	51.2633999999
4.27359999985	51.2641000002
4.27969999982	51.2641000002
4.2831000002	51.2639999998
4.2860000001	51.2643999998
4.28730000021	51.2650000002
4.28909999976	51.2659000002
4.29350000007	51.2666999999
4.29459999989	51.2664000002
4.29860000012	51.2675
4.29860000012	51.2680999999
4.29929999986	51.2685999998
4.30100000005	51.2694
4.30430000001	51.2722
4.30740000021	51.2739000002
4.3117000001	51.2772000002
4.31339999977	51.2793999998
4.31440000022	51.2810000001
4.31500000007	51.282
4.31509999996	51.2830999998
4.31450000011	51.2849999998
4.31329999988	51.2862999999
4.30990000002	51.2879000002
4.30840000013	51.2888000002
4.29990000023	51.2917000001
4.2913999998	51.2938999998
4.29039999988	51.2944000003
4.28980000003	51.2942
4.28960000025	51.2938999998
4.28920000018	51.2940000002
4.2888000001	51.2946999999
4.2885999998	51.2951
4.28809999984	51.2955000001
4.28650000006	51.2960999999
4.28489999976	51.2964000001
4.28420000002	51.2965
4.28329999998	51.2960999999
4.28239999994	51.2959000001
4.28209999975	51.2963000002
4.2817000002	51.2965999999
4.28069999975	51.2969000001
4.27919999986	51.2972000003
4.27789999974	51.2980999998
4.27639999985	51.2988999999
4.27509999974	51.2997000001
4.27250000003	51.3020000001
4.26960000014	51.3055999998
4.26950000025	51.3066000002
4.26989999981	51.3068999999
4.2687000001	51.3081000001
4.26860000022	51.3090000001
4.26889999988	51.3096
4.26820000014	51.3106999998
4.26759999977	51.3109000001
4.2673000001	51.3114000001
4.26799999984	51.3118000001
4.26670000025	51.3128999999
4.26500000006	51.3165000001
4.26360000006	51.3208999999
4.26410000002	51.3228999997
4.26599999999	51.3270999997
4.26289999979	51.3344999998
4.26099999983	51.3356000002
4.25669999993	51.3376
4.25349999985	51.3395
4.24820000003	51.3428999999
4.24250000013	51.3457999997
4.23550000012	51.3492000001
4.2416000001	51.3526999999
4.24260000002	51.3749000001
4.24329999976	51.3722999999
4.24469999976	51.3706000002
4.24599999988	51.3692000002
4.24680000003	51.3678000002
4.24810000014	51.3657
4.24969999992	51.3627000002
4.25100000004	51.3600000001
4.25309999978	51.3558000001
4.2543	51.3544999999
4.25539999982	51.3536999998
4.25819999982	51.3526999999
4.26120000013	51.3516999999
4.26379999983	51.3507
4.26479999976	51.3502